106
-11.814,4
0.0,29.9
0.697,29.9
0.781,29.925
0.0,29.925
-11.811,28
0.0,29.69
10.13,31.455
13.657,32.731
17.155,34.26
17.6,34.466
20.119,35.846
20.532,36.088
22.512,37.432
22.908,37.718
24.693,38.945
25.045,39.252
25.4,39.591
26.394,40.627
26.718,40.98
27.913,42.476
28.056,42.668
28.974,44.07
29.218,44.482
29.907,45.742
30.12,46.17
30.717,47.477
31.244,48.813
31.41,49.262
31.861,50.634
32.048,52.475
32.047,53.868
31.761,55.774
0.0,55.774
-9.843,27
0.0,29.055
5.873,29.474
11.39,31.094
15.468,32.761
18.87,34.339
19.629,34.551
22.07,35.96
22.142,36.206
24.057,37.568
24.439,37.856
26.516,39.397
26.859,39.737
28.46,41.125
29.754,42.806
30.641,44.199
30.877,44.608
31.545,45.857
31.751,46.282
32.33,47.575
32.843,48.896
33.003,49.341
33.443,50.697
33.574,51.143
33.616,52.516
33.607,53.892
32.985,55.774
0.0,55.774
-5.906,29
0.0,28.17
5.815,28.661
8.197,29.375
13.287,31.06
17.586,32.792
18.42,33.191
20.889,34.418
21.306,34.637
23.994,36.075
24.38,36.326
26.229,37.703
26.598,37.995
28.284,39.543
28.615,39.884
29.843,41.271
31.01,42.83
31.947,44.328
32.175,44.734
32.82,45.972
33.02,46.393
33.58,47.673
34.077,48.981
34.233,49.42
34.659,50.76
34.787,51.201
35.146,52.557
35.221,54.373
34.825,55.774
0.0,55.774
-3.937,28
0.0,27.172
10.16,29.277
14.722,30.869
15.577,31.197
19.34,32.823
20.15,33.234
22.542,34.497
22.946,34.722
25.553,36.189
25.925,36.444
27.706,37.838
28.062,38.133
29.685,39.688
30.004,40.029
31.185,41.416
32.257,42.895
32.506,43.278
33.211,44.457
34.053,46.087
34.245,46.504
34.786,47.771
35.267,49.064
35.417,49.499
35.831,50.823
36.301,52.598
36.364,54.391
35.961,55.774
0.0,55.774
-0.0,36
0.0,26.145
6.63,27.33
8.295,27.876
9.62,28.342
10.273,28.588
11.655,29.14
11.999,29.26
15.395,30.505
16.653,30.994
17.069,31.169
20.731,32.853
21.845,33.276
24.487,34.576
24.877,34.806
27.074,36.303
27.779,36.839
29.145,37.973
29.487,38.27
31.046,39.833
31.352,40.174
32.486,41.56
33.515,43.033
33.755,43.414
34.432,44.585
34.643,44.984
35.242,46.201
35.427,46.614
35.948,47.869
36.412,49.147
36.557,49.577
36.956,50.886
37.076,51.316
37.411,52.639
37.46,54.408
37.402,55.774
0.0,55.774
1.969,33
0.0,25.581
7.806,26.799
9.26,27.265
11.314,27.996
12.204,28.335
13.89,29.043
14.627,29.312
17.55,30.452
18.778,30.961
19.183,31.142
21.974,32.495
23.126,33.094
25.739,34.654
26.114,34.891
28.556,36.416
29.234,36.96
30.544,38.106
30.872,38.406
32.367,39.977
32.66,40.319
33.746,41.704
34.733,43.171
35.612,44.713
35.814,45.109
36.388,46.315
36.566,46.724
37.067,47.966
37.653,49.655
38.154,51.373
38.147,52.679
38.098,53.987
38.091,55.774
0.0,55.774
4.75,33
0.0,25.013
7.584,25.925
10.841,26.976
11.518,27.213
13.783,28.077
15.866,28.984
16.487,29.221
19.346,30.399
20.542,30.928
21.736,31.516
23.648,32.511
24.761,33.131
27.283,34.732
27.644,34.974
29.673,36.528
30.323,37.08
31.577,38.24
31.891,38.542
33.32,40.12
33.6,40.463
34.638,41.847
35.58,43.308
36.421,44.84
36.614,45.232
37.164,46.428
37.334,46.833
37.814,48.062
38.376,49.732
38.857,51.429
39.165,52.72
39.104,54.01
38.757,55.774
0.0,55.774
10.271,36
0.0,23.54
6.587,24.129
7.674,24.43
9.559,25.009
11.756,25.734
14.626,26.761
14.945,26.886
17.163,27.815
19.417,28.747
20.114,29.039
22.842,30.294
24.019,31.061
24.774,31.485
26.567,32.543
27.603,33.203
28.288,33.683
29.936,34.887
30.268,35.141
32.125,36.753
32.718,37.32
33.858,38.504
34.405,39.123
35.438,40.405
35.693,40.748
36.632,42.131
37.484,43.58
38.245,45.092
38.421,45.478
38.919,46.653
39.51,48.254
40.022,49.886
40.462,51.542
40.74,52.8
40.654,54.056
40.28,55.774
0.0,55.774
15.792,35
0.0,21.909
6.811,22.497
10.978,23.607
11.92,24.004
15.402,25.206
18.579,26.428
18.892,26.562
21.068,27.554
21.374,27.704
23.273,28.552
23.94,28.858
26.202,30.189
27.617,31.007
28.327,31.454
29.998,32.575
30.953,33.275
31.585,33.777
33.093,35.04
33.395,35.307
35.077,36.975
35.61,37.558
36.89,39.081
38.048,40.687
38.907,42.064
39.308,42.769
39.872,43.851
40.551,45.342
41.153,46.875
41.682,48.443
42.141,50.038
42.537,51.653
42.783,52.879
42.67,54.102
42.266,55.774
0.0,55.774
16.158,39
0.0,21.448
1.641,21.471
3.231,21.758
5.155,22.019
6.402,22.454
10.235,23.573
11.82,24.076
14.984,25.179
17.841,26.279
18.143,26.54
20.645,27.537
20.951,27.687
22.518,28.539
23.55,29.03
25.765,30.182
27.174,31.004
27.88,31.452
29.543,32.578
30.493,33.28
31.122,33.783
32.62,35.05
32.92,35.318
34.59,36.99
35.12,37.574
36.061,39.099
36.295,39.413
37.538,40.706
38.39,42.083
38.788,42.787
39.348,43.869
40.349,45.358
40.946,46.89
41.47,48.456
41.926,50.048
42.319,51.661
42.564,52.884
42.514,54.515
42.042,55.774
0.0,55.774
16.18,38
0.0,21.46
4.886,21.755
6.144,22.137
7.362,22.642
10.905,23.571
12.163,24.074
15.326,25.177
18.183,26.277
18.813,26.539
20.987,27.536
21.293,27.686
22.859,28.539
23.891,29.029
26.106,30.181
27.514,31.004
28.22,31.452
29.883,32.578
30.833,33.281
31.461,33.784
32.959,35.051
33.259,35.319
34.928,36.991
35.457,37.575
36.726,39.1
36.96,39.414
37.875,40.707
38.726,42.084
39.124,42.788
39.86,44.237
40.512,45.739
41.09,47.28
41.477,48.457
41.933,50.049
42.325,51.661
42.57,52.884
42.52,54.515
42.048,55.774
0.0,55.774
17.172,47
0.0,5.368
1.019,5.735
1.312,6.234
1.64,6.89
1.968,8.202
1.64,9.514
1.312,10.499
0.656,11.155
0.0,11.552
0.0,20.995
4.979,21.138
5.912,21.479
6.174,21.76
7.422,22.23
9.643,22.917
11.556,23.477
13.137,23.989
16.296,25.104
19.462,26.345
19.774,26.481
21.94,27.489
22.244,27.641
23.805,28.504
24.827,28.999
27.019,30.163
28.411,30.994
29.109,31.446
30.749,32.583
31.684,33.293
32.303,33.8
34.103,35.078
34.397,35.348
36.034,37.03
36.553,37.617
37.795,39.148
38.918,40.758
39.75,42.134
40.686,43.918
41.343,45.404
41.927,46.931
42.439,48.491
42.885,50.076
43.269,51.681
43.307,52.898
43.307,54.521
43.307,55.774
0.0,55.774
18.383,50
0.0,3.684
1.462,4.097
1.956,5.056
2.228,6.028
2.248,6.06
2.256,6.104
2.271,8.165
2.307,9.626
2.018,10.653
1.979,10.877
1.81,11.093
0.0,12.474
0.0,19.397
6.033,20.659
8.313,21.773
8.826,22.004
10.005,22.463
12.772,23.381
14.891,24.118
17.624,25.115
21.499,26.726
24.488,28.239
25.097,28.536
26.815,29.44
27.583,29.859
29.359,30.941
31.227,32.214
32.276,33.006
32.879,33.498
34.246,34.688
34.667,35.073
35.665,36.102
36.582,37.082
36.829,37.365
37.691,38.438
38.242,39.159
38.662,39.766
39.397,40.875
40.25,42.352
41.041,43.902
41.64,45.276
42.15,46.627
42.603,47.993
43.01,49.395
43.307,50.825
43.307,52.267
43.307,53.368
43.307,54.868
43.307,55.774
0.0,55.774
19.59,50
0.0,3.478
1.612,4.1
2.055,5.032
2.16,5.494
2.198,5.559
2.544,6.631
2.902,8.128
2.644,9.737
2.396,10.807
2.336,11.234
2.191,11.474
1.412,13.073
0.0,13.943
0.0,17.572
4.842,18.199
8.49,21.198
8.729,21.348
9.251,21.639
10.164,21.912
10.779,22.286
17.753,24.786
21.654,26.393
25.267,28.185
26.998,29.096
27.779,29.532
29.566,30.621
31.448,31.895
32.522,32.705
33.127,33.198
34.5,34.395
34.936,34.799
35.939,35.835
36.862,36.834
37.109,37.118
37.975,38.207
38.538,38.953
38.955,39.562
39.696,40.694
40.551,42.194
41.342,43.769
41.937,45.149
42.446,46.514
42.898,47.896
43.303,49.313
43.307,50.756
43.307,52.211
43.307,53.321
43.307,54.827
43.307,55.774
0.0,55.774
22.005,58
0.0,2.559
2.24,3.451
3.297,5.24
3.336,5.41
3.413,5.541
3.506,5.733
3.776,6.372
3.93,6.976
4.164,8.054
3.976,9.96
3.806,11.115
3.707,11.949
3.608,12.235
3.571,14.555
3.619,15.382
3.695,16.202
3.881,17.379
5.894,20.049
7.096,20.267
7.33,20.478
7.58,20.677
7.856,20.863
10.07,21.194
10.685,21.488
11.595,21.883
12.78,22.342
17.684,24.127
21.635,25.728
24.673,27.18
25.28,27.483
27.034,28.41
27.842,28.877
28.695,29.41
29.652,29.982
31.563,31.257
32.687,32.104
33.294,32.596
34.681,33.81
35.146,34.25
36.158,35.303
37.096,36.337
37.34,36.624
38.215,37.747
38.8,38.541
39.212,39.154
39.965,40.333
40.826,41.877
41.618,43.502
42.202,44.894
42.709,46.287
43.16,47.702
43.307,49.148
43.307,50.617
43.307,52.098
43.307,53.225
43.307,54.745
43.307,55.774
0.0,55.774
26.834,67
0.0,1.135
2.838,2.479
4.101,3.149
4.61,3.77
4.703,4.101
4.856,4.52
5.0,4.822
5.134,5.489
5.254,5.854
5.465,6.674
5.702,7.906
5.876,9.165
5.984,10.406
6.004,11.144
5.972,11.73
5.794,13.379
5.788,13.758
5.828,14.555
5.923,15.382
5.99,15.8
6.075,16.202
6.308,16.997
6.448,17.379
6.605,17.75
6.78,18.106
6.975,18.443
7.191,18.754
7.311,18.897
7.438,19.032
9.994,19.607
10.593,19.83
10.824,19.891
11.7,20.405
13.229,20.957
15.054,21.797
17.872,22.809
21.598,24.398
24.701,25.768
27.107,27.037
28.295,27.568
28.811,28.117
29.824,28.703
31.456,29.756
31.791,29.981
33.016,30.901
33.956,31.393
35.369,32.639
35.894,33.152
37.253,34.237
38.219,35.344
38.458,35.635
39.351,36.825
39.98,37.718
40.382,38.338
41.159,39.611
42.031,41.245
42.825,42.968
43.307,44.384
43.307,45.835
43.307,47.315
43.307,48.818
43.307,50.339
43.307,51.873
43.307,53.035
43.307,54.581
43.307,55.774
0.0,55.774
41.995,67
0.0,0.292
4.382,0.637
4.92,0.809
5.624,0.968
6.322,1.054
8.599,3.044
8.729,3.296
8.875,3.633
9.252,3.754
9.724,4.5
10.684,6.48
11.091,7.779
11.419,8.942
11.598,9.624
11.725,10.153
12.271,11.19
12.375,11.519
12.54,12.065
12.681,12.508
12.735,12.675
12.907,13.024
13.277,13.735
13.468,14.086
13.534,14.224
13.654,14.423
13.704,14.51
13.759,14.59
13.797,14.634
13.92,14.772
14.49,15.035
15.058,15.285
15.854,15.754
16.346,16.189
16.856,16.504
19.005,17.753
20.699,18.836
24.215,20.595
27.118,21.949
29.569,23.12
30.467,23.568
31.357,24.019
32.612,24.657
34.304,25.597
34.653,25.794
36.289,26.846
36.934,27.287
38.521,28.812
39.487,29.74
40.855,31.302
41.986,32.903
42.189,33.216
43.1,34.883
43.307,36.168
43.307,37.105
43.307,38.675
43.307,40.552
43.307,42.455
43.307,44.002
43.307,45.558
43.307,47.103
43.307,48.673
43.307,50.206
43.307,51.795
43.307,53.034
43.307,54.581
43.307,55.774
0.0,55.774
41.998,60
0.0,0.291
3.39,0.655
3.931,0.829
4.6,1.001
5.261,1.116
7.452,3.11
7.6,3.388
7.749,3.718
7.793,3.827
8.255,4.576
9.196,6.535
9.6,7.83
9.926,8.99
10.104,9.667
10.228,10.192
10.753,11.252
10.858,11.585
11.038,12.158
11.189,12.602
11.245,12.768
11.42,13.119
11.829,13.865
12.03,14.211
12.1,14.346
12.223,14.541
12.275,14.626
12.339,14.711
12.377,14.755
12.502,14.891
12.77,15.164
13.009,15.404
13.483,15.863
13.979,16.291
14.488,16.609
16.33,17.846
18.358,18.926
21.878,20.681
24.78,22.036
27.227,23.21
28.125,23.659
29.01,24.11
30.262,24.752
31.943,25.697
32.291,25.896
33.909,26.951
34.55,27.396
36.126,28.902
37.082,29.836
38.43,31.393
39.543,32.983
39.744,33.297
40.643,34.955
41.21,36.232
41.565,37.165
42.108,38.727
42.682,40.63
43.184,42.513
43.23,44.028
43.307,45.315
0.0,45.315
42.028,58
0.0,0.29
2.743,0.633
3.282,0.804
3.658,0.962
4.028,1.047
5.652,3.041
5.783,3.293
5.928,3.629
5.977,3.75
6.449,4.496
7.411,6.477
7.819,7.776
8.147,8.939
8.327,9.621
8.453,10.15
8.673,11.185
8.777,11.514
8.942,12.06
9.084,12.502
9.137,12.669
9.309,13.017
9.68,13.728
9.871,14.079
9.937,14.216
10.056,14.415
10.106,14.501
10.161,14.581
10.198,14.625
10.322,14.763
10.564,15.025
10.803,15.276
11.271,15.745
11.762,16.18
12.271,16.495
14.091,17.744
16.111,18.828
19.626,20.587
22.529,21.94
24.98,23.111
25.878,23.56
26.767,24.01
28.024,24.648
29.715,25.588
30.065,25.785
31.701,26.837
32.346,27.278
34.262,28.803
35.23,29.733
36.598,31.296
37.729,32.898
37.932,33.211
38.844,34.879
39.418,36.165
39.777,37.102
40.326,38.673
40.874,40.551
43.307,45.315
0.0,45.315
47.236,49
0.0,0.0
3.048,0.0
3.563,0.0
4.006,0.0
4.472,0.0
5.393,0.898
5.937,1.512
6.463,2.278
6.726,2.769
6.9,3.028
7.128,3.297
7.755,4.147
8.262,5.042
8.55,5.675
8.93,6.653
9.979,9.608
10.259,10.265
10.684,11.204
10.842,11.515
11.754,13.005
11.854,13.15
13.245,14.731
13.371,14.846
15.275,16.397
17.658,17.896
17.949,18.068
20.777,19.526
21.416,19.836
27.489,22.636
28.442,23.092
31.245,24.569
33.61,26.095
33.899,26.298
35.524,27.636
35.768,27.847
36.014,28.086
37.199,29.334
37.437,29.603
38.469,30.985
38.672,31.281
39.55,32.754
40.287,34.301
40.902,35.897
41.416,37.556
41.83,39.215
42.172,40.907
42.454,42.609
43.307,45.315
0.0,45.315
47.258,42
0.0,0.0
3.049,0.0
3.564,0.0
4.279,0.0
4.633,0.0
5.939,1.592
6.463,2.328
6.756,2.872
7.021,3.16
7.726,4.092
8.21,4.938
8.613,5.818
8.96,6.723
9.471,8.191
10.071,9.832
10.799,11.422
11.812,13.082
11.932,13.235
13.236,14.705
15.033,16.193
15.345,16.428
17.681,17.899
18.005,18.088
21.154,19.708
28.019,22.875
31.195,24.531
31.368,24.629
33.865,26.258
35.708,27.779
35.854,27.913
37.351,29.499
38.544,31.079
39.565,32.771
40.329,34.383
40.955,36.036
41.519,37.925
41.887,39.457
42.193,41.003
42.447,42.558
42.979,44.314
43.143,45.315
0.0,45.315
68.242,39
0.0,0.0
6.94,0.0
7.851,0.0
8.701,0.0
9.007,0.0
10.17,1.09
10.951,1.631
11.99,2.245
12.994,2.944
14.028,3.783
15.139,4.826
16.245,6.0
18.422,8.406
19.829,9.87
20.701,10.72
21.916,11.801
22.544,12.317
23.218,12.805
24.515,13.773
26.921,15.309
32.195,18.552
34.233,19.967
34.566,20.214
36.334,21.645
37.664,22.939
37.954,23.232
38.756,24.17
39.282,24.822
40.195,26.175
40.995,27.609
41.673,29.104
41.828,29.483
42.339,31.041
42.712,32.636
42.97,34.253
43.138,35.882
43.307,37.912
43.307,45.315
0.0,45.315
87.566,40
0.0,0.0
11.148,0.0
12.118,0.0
13.483,0.0
14.026,0.0
15.059,0.509
15.105,0.537
15.311,0.609
15.719,0.775
16.548,1.025
17.349,1.342
18.743,1.931
19.517,2.309
20.281,2.712
21.219,3.241
21.959,3.692
23.233,4.509
24.638,5.489
26.02,6.514
32.647,11.706
34.665,13.361
34.83,13.505
35.301,13.959
36.438,14.983
36.592,15.136
38.076,16.732
39.159,18.049
39.315,18.254
40.309,19.68
41.293,21.369
42.05,22.947
42.476,24.133
42.484,24.159
42.632,24.568
42.69,24.777
42.986,26.262
43.207,27.764
43.307,29.305
43.307,45.315
0.0,45.315
106.89,30
0.0,0.0
17.957,0.0
20.569,0.0
20.951,0.0
21.124,0.0
22.661,0.479
22.884,0.526
24.021,0.925
25.34,1.374
26.175,1.692
27.02,2.043
27.855,2.415
29.499,3.217
29.903,3.43
31.296,4.215
32.649,5.064
33.772,5.845
34.864,6.688
36.587,8.203
38.017,9.706
38.321,10.054
39.459,11.506
40.605,13.233
41.499,14.843
42.224,16.475
42.758,18.048
43.071,19.622
43.307,20.976
43.307,45.315
0.0,45.315
126.213,41
0.0,0.0
24.575,0.0
26.359,0.0
26.592,0.0
27.076,0.0
27.648,0.243
27.769,0.245
27.888,0.26
28.353,0.371
29.06,0.482
29.295,0.527
30.452,0.805
32.045,1.245
32.263,1.317
33.824,2.007
34.268,2.185
35.348,2.694
35.962,3.06
36.602,3.396
36.806,3.527
37.39,3.948
37.598,4.072
37.797,4.206
38.877,5.165
39.186,5.52
39.538,5.855
39.698,6.037
40.516,7.232
40.674,7.416
40.822,7.607
41.501,8.884
41.742,9.297
41.845,9.514
42.37,10.861
42.534,11.31
42.929,12.694
42.974,12.929
43.207,14.61
43.307,16.511
43.307,45.315
0.0,45.315
145.537,28
0.0,0.0
31.147,0.0
33.461,0.0
33.628,0.0
34.076,0.0
35.177,0.493
35.812,0.63
35.973,0.69
36.446,0.824
37.269,1.256
38.174,1.657
38.623,1.879
39.05,2.127
39.72,2.603
39.851,2.707
40.222,3.039
40.567,3.397
41.183,4.164
41.328,4.366
41.889,5.28
42.385,6.327
42.476,6.557
42.919,7.975
42.979,8.215
43.215,9.68
43.307,11.159
43.307,45.315
0.0,45.315
164.861,25
0.0,0.0
36.878,0.0
37.127,0.0
37.701,0.0
37.941,0.0
39.37,0.776
39.656,0.934
40.209,1.235
40.42,1.374
40.621,1.526
40.814,1.687
41.188,2.029
41.535,2.397
41.849,2.782
41.997,2.985
42.136,3.195
42.383,3.636
42.712,4.317
42.892,4.788
43.101,5.514
43.156,5.758
43.214,6.134
43.307,6.51
43.307,45.315
0.0,45.315
184.185,21
0.0,0.0
38.446,0.0
39.025,0.0
39.37,0.0
39.509,0.0
40.285,0.344
40.604,0.467
40.847,0.734
41.126,1.034
41.51,1.37
41.69,1.549
41.862,1.737
42.173,2.129
42.454,2.551
42.577,2.772
42.685,3.001
43.174,4.44
43.23,5.014
43.307,6.786
43.307,45.315
0.0,45.315
203.509,21
0.0,0.0
38.448,0.0
39.026,0.0
39.37,0.0
39.836,0.0
40.285,0.342
40.847,0.732
41.129,1.031
41.512,1.367
41.865,1.734
42.175,2.127
42.456,2.549
42.58,2.77
42.688,2.999
42.78,3.235
43.174,4.439
43.23,5.013
43.25,5.265
43.307,6.784
43.307,45.315
0.0,45.315
222.832,21
0.0,0.0
38.448,0.0
39.026,0.0
39.37,0.0
39.836,0.0
40.285,0.345
40.604,0.466
40.847,0.735
41.125,1.033
41.865,1.734
42.175,2.127
42.456,2.549
42.58,2.77
42.688,2.999
42.78,3.235
43.174,4.439
43.23,5.013
43.25,5.265
43.307,6.784
43.307,45.315
0.0,45.315
242.156,21
0.0,0.0
38.448,0.0
39.026,0.0
39.37,0.0
39.836,0.0
40.285,0.342
40.604,0.466
40.847,0.735
41.125,1.033
41.865,1.734
42.175,2.127
42.456,2.549
42.58,2.77
42.688,2.999
42.78,3.235
43.174,4.439
43.23,5.013
43.25,5.265
43.307,6.784
43.307,45.315
0.0,45.315
261.48,21
0.0,0.0
38.448,0.0
39.026,0.0
39.37,0.0
39.836,0.0
40.285,0.342
40.604,0.466
40.847,0.735
41.125,1.034
41.865,1.734
42.175,2.127
42.456,2.549
42.58,2.77
42.688,2.999
42.78,3.235
43.174,4.439
43.23,5.013
43.25,5.265
43.307,6.784
43.307,45.315
0.0,45.315
280.804,21
0.0,0.0
38.448,0.0
39.026,0.0
39.37,0.0
39.836,0.0
40.285,0.342
40.604,0.466
40.847,0.735
41.125,1.034
41.865,1.734
42.175,2.127
42.456,2.549
42.58,2.77
42.688,2.999
42.78,3.235
43.174,4.439
43.23,5.013
43.25,5.265
43.307,6.784
43.307,45.315
0.0,45.315
300.128,21
0.0,0.0
38.448,0.0
39.026,0.0
39.37,0.0
39.836,0.0
40.285,0.342
40.604,0.466
40.847,0.735
41.125,1.034
41.865,1.734
42.175,2.127
42.456,2.549
42.58,2.77
42.688,2.999
42.78,3.235
43.174,4.439
43.23,5.013
43.25,5.265
43.307,6.784
43.307,45.315
0.0,45.315
319.451,22
0.0,0.0
38.448,0.0
39.026,0.0
39.37,0.0
39.836,0.0
40.285,0.342
40.604,0.466
40.847,0.735
41.125,1.034
41.693,1.547
41.865,1.734
42.175,2.127
42.456,2.549
42.58,2.77
42.688,2.999
42.779,3.235
43.174,4.439
43.23,5.013
43.25,5.265
43.307,6.784
43.307,45.315
0.0,45.315
338.775,21
0.0,0.0
38.451,0.0
39.029,0.0
39.37,0.0
39.836,0.0
40.285,0.34
40.604,0.466
40.847,0.735
41.125,1.034
41.868,1.733
42.028,1.925
42.324,2.333
42.46,2.547
42.584,2.768
42.694,2.996
42.876,3.469
43.179,4.435
43.232,5.01
43.307,6.275
43.307,45.315
0.0,45.315
358.099,25
0.0,0.0
38.251,0.0
38.43,0.0
38.683,0.0
39.032,0.0
39.659,0.472
40.19,0.807
40.282,0.92
40.579,1.201
40.985,1.509
41.365,1.847
41.718,2.209
42.041,2.592
42.193,2.795
42.335,3.004
42.464,3.221
42.807,3.9
42.901,4.134
42.976,4.375
43.158,5.11
43.2,5.36
43.228,5.611
43.255,6.369
43.307,45.315
0.0,45.315
377.423,26
0.0,0.0
36.705,0.0
36.95,0.0
37.188,0.0
37.419,0.0
38.301,0.669
38.746,0.908
39.59,1.451
39.993,1.759
40.733,2.427
41.085,2.785
41.416,3.154
42.025,3.951
42.161,4.162
42.514,4.825
42.616,5.054
42.698,5.29
42.83,5.775
42.935,6.263
42.971,6.51
42.988,6.76
43.025,8.261
43.025,31.281
43.307,33.283
43.307,45.315
0.0,45.316
396.747,29
0.0,0.0
32.901,0.0
33.729,0.0
33.901,0.0
33.973,0.0
35.192,0.429
35.43,0.499
36.108,0.759
36.548,0.968
36.975,1.208
37.798,1.742
38.198,2.036
38.945,2.67
39.304,3.006
39.978,3.727
40.297,4.096
40.893,4.878
41.174,5.285
41.68,6.129
41.793,6.349
41.884,6.577
42.312,7.986
42.364,8.225
42.397,8.467
42.489,9.939
42.518,33.022
43.307,38.913
43.307,45.315
0.0,45.315
416.07,36
0.0,0.0
29.682,0.0
30.442,0.0
30.671,0.0
31.112,0.0
32.206,0.509
32.325,0.56
32.673,0.757
32.886,0.837
33.1,0.903
33.318,0.993
34.171,1.429
34.986,1.907
35.954,2.598
36.702,3.2
37.052,3.522
37.721,4.195
38.353,4.916
38.928,5.668
39.454,6.472
39.574,6.678
40.317,8.178
40.415,8.396
40.851,9.764
40.909,9.996
41.077,10.939
41.145,11.41
41.188,11.885
41.241,13.317
41.219,30.98
41.259,32.903
41.71,39.098
41.735,39.338
43.307,41.003
43.307,45.315
0.0,45.315
435.394,34
0.0,0.0
25.325,0.0
26.078,0.0
26.452,0.0
26.903,0.0
29.217,0.881
29.432,0.959
30.275,1.355
30.872,1.695
31.32,1.888
32.48,2.6
33.599,3.401
34.307,3.982
35.311,4.936
35.924,5.623
36.213,5.983
37.002,7.114
37.239,7.508
37.954,8.958
38.035,9.175
38.53,10.711
38.68,11.441
38.83,12.064
38.874,12.291
39.057,13.656
39.103,14.116
39.183,15.485
39.22,30.691
39.257,32.09
39.33,32.991
40.266,39.374
40.449,41.196
41.032,45.315
0.0,45.315
454.718,37
0.0,0.0
18.585,0.0
19.89,0.0
20.951,0.0
22.231,0.0
24.6,0.903
24.606,0.945
24.805,1.018
25.804,1.504
26.774,2.062
27.335,2.437
28.447,3.098
28.795,3.322
29.504,3.854
30.169,4.405
31.121,5.285
32.002,6.235
32.545,6.918
33.039,7.63
33.267,8.003
33.883,9.152
34.078,9.542
34.243,9.947
34.677,11.186
34.797,11.606
35.102,12.883
35.36,14.614
35.481,15.919
35.572,17.683
35.652,31.218
35.674,31.652
35.823,32.964
35.89,33.379
37.417,39.766
37.856,41.471
38.754,45.315
0.0,45.315
471.281,34
0.0,0.0
15.893,0.0
17.085,0.0
17.497,0.0
18.02,0.0
20.819,1.415
21.578,1.698
21.981,1.998
22.42,2.343
22.861,2.571
23.463,2.961
24.466,3.681
25.422,4.475
26.305,5.299
26.871,5.903
27.127,6.217
28.107,7.51
28.222,7.677
28.941,8.907
29.137,9.262
29.793,10.761
30.317,12.309
30.422,12.707
30.703,13.909
30.91,15.125
31.06,16.349
31.165,17.578
31.239,19.213
31.285,30.744
31.412,32.379
31.451,32.579
31.972,34.348
35.553,45.315
0.0,45.315
475.062,39
0.0,0.0
14.687,0.0
15.661,0.0
16.012,0.0
16.562,0.0
17.091,0.249
17.443,0.41
17.749,0.533
18.332,0.87
19.175,1.301
20.019,1.749
20.434,1.978
21.464,2.536
22.063,3.007
22.943,3.596
23.739,4.23
24.187,4.615
24.527,4.937
25.572,6.024
26.218,6.797
26.896,7.778
27.223,8.262
27.991,9.695
28.27,10.321
28.84,11.846
29.289,13.437
29.396,13.9
29.683,15.55
29.853,17.054
29.895,17.524
29.977,19.041
30.003,21.019
30.029,30.58
30.119,32.04
30.144,32.272
30.284,32.844
30.296,32.884
35.206,45.315
0.0,45.315
475.066,39
0.0,0.0
14.686,0.0
15.659,0.0
16.01,0.0
16.561,0.0
17.09,0.249
17.442,0.41
17.748,0.533
18.331,0.87
19.175,1.302
20.019,1.75
20.434,1.978
21.463,2.537
22.063,3.007
22.942,3.596
23.739,4.231
24.187,4.616
24.526,4.937
25.571,6.024
26.218,6.798
26.895,7.778
27.222,8.263
27.99,9.695
28.269,10.322
28.839,11.847
29.288,13.437
29.395,13.9
29.682,15.551
29.852,17.054
29.894,17.524
29.976,19.041
30.002,21.019
30.028,30.58
30.117,32.04
30.143,32.272
30.283,32.844
30.295,32.884
35.206,45.315
0.0,45.315
482.323,39
0.0,0.0
13.027,0.0
13.581,0.0
13.816,0.0
14.748,0.0
16.619,0.726
17.647,1.196
18.212,1.555
19.093,1.959
19.933,2.398
21.088,2.879
21.489,3.136
22.254,3.677
23.346,4.281
24.06,4.91
24.734,5.587
25.056,5.94
25.358,6.306
26.191,7.47
26.594,8.096
27.14,9.085
27.365,9.52
27.922,10.82
28.094,11.26
28.535,12.616
28.884,13.992
28.989,14.455
29.232,15.847
29.406,17.26
29.451,17.73
29.542,19.15
29.586,21.028
29.915,30.59
29.997,32.228
30.038,32.459
30.013,33.352
29.061,33.469
33.884,49.808
0.0,49.808
487.844,37
0.0,0.0
10.926,0.0
11.5,0.0
12.067,0.0
13.257,0.0
16.16,1.086
17.527,1.633
18.85,2.281
19.71,2.771
20.545,3.31
21.53,4.026
22.46,4.823
23.314,5.687
24.092,6.639
24.929,7.846
25.059,8.052
25.871,9.561
26.451,10.905
26.63,11.356
27.092,12.745
27.568,14.612
27.832,16.049
28.022,17.496
28.071,17.98
28.174,19.435
28.214,20.892
28.217,30.691
28.226,31.027
28.295,31.826
28.305,32.079
28.342,32.396
28.067,32.631
27.893,33.089
27.761,34.426
34.727,48.859
35.157,53.478
0.0,53.478
490.81,38
0.0,0.0
9.635,0.0
10.34,0.0
10.905,0.0
12.453,0.0
13.478,0.162
13.247,0.233
13.34,0.298
13.503,0.409
13.916,0.492
13.996,0.581
14.401,0.771
15.608,1.348
16.388,1.733
17.042,2.091
18.071,2.758
18.585,3.139
19.826,4.006
20.359,4.415
21.59,5.519
22.478,6.472
23.776,8.283
25.088,10.881
25.72,12.625
25.861,13.07
26.295,14.803
26.703,17.293
26.858,18.984
26.89,19.443
26.935,21.226
27.354,30.926
27.36,31.069
27.51,32.137
27.521,32.209
27.225,32.422
26.59,32.512
35.389,55.774
0.0,55.774
490.814,38
0.0,0.0
9.962,0.0
10.994,0.0
11.559,0.0
11.795,0.0
12.165,0.162
12.262,0.233
12.683,0.298
12.847,0.409
12.931,0.493
13.011,0.581
13.417,0.771
14.624,1.349
15.403,1.734
16.058,2.092
17.086,2.759
17.6,3.14
18.841,4.007
19.374,4.416
20.605,5.52
21.492,6.472
22.79,8.284
24.103,10.881
24.735,12.625
24.876,13.07
25.31,14.804
25.717,17.294
25.872,18.985
25.904,19.443
25.949,21.226
26.369,30.926
26.375,31.069
26.525,32.137
26.208,32.209
25.912,32.422
25.933,32.512
35.389,55.774
0.0,55.774
504.408,38
0.0,0.0
3.716,0.0
5.019,0.0
5.575,0.0
6.932,0.0
8.996,0.902
9.207,1.301
10.054,1.661
10.968,2.283
11.439,2.747
11.886,3.243
12.263,3.507
13.358,4.35
14.046,4.952
14.385,5.269
15.024,5.926
15.612,6.63
16.419,7.76
16.672,8.133
17.34,9.33
17.757,10.165
18.285,11.408
18.881,13.135
19.24,14.453
19.353,14.907
19.625,16.253
19.895,18.058
20.017,19.399
20.048,19.858
20.415,21.228
23.703,31.033
23.72,31.261
24.195,32.4
24.236,32.631
23.972,32.84
23.4,33.043
34.429,55.774
0.0,55.774
511.309,47
0.0,0.148
1.598,0.226
3.773,1.214
4.357,1.485
4.763,1.647
5.227,2.001
6.062,2.602
7.181,3.282
8.241,4.069
8.967,4.563
9.136,4.705
9.457,5.003
9.794,5.279
10.588,6.062
10.72,6.221
11.342,7.105
11.882,7.788
12.484,8.423
12.612,8.599
12.913,9.212
13.361,9.941
13.464,10.128
13.556,10.32
13.8,10.925
14.185,11.706
14.265,11.907
14.533,12.716
14.775,13.341
15.063,14.388
15.192,14.805
15.574,16.5
15.893,18.744
16.017,19.632
16.412,21.354
18.776,30.048
19.096,30.704
19.106,30.926
19.465,31.464
19.551,31.888
19.582,32.104
19.619,32.542
19.656,32.757
19.363,32.858
19.41,32.956
18.986,33.329
32.588,55.774
0.0,55.774
516.83,64
0.0,1.322
2.972,2.208
3.777,2.775
4.898,3.696
5.654,4.275
5.829,4.438
6.16,4.778
6.51,5.086
6.999,5.949
7.463,6.122
7.587,6.305
7.952,6.901
8.502,7.632
8.649,7.806
8.809,7.968
8.996,8.099
9.07,8.185
9.462,8.605
9.559,8.809
9.643,9.021
9.739,9.226
9.852,9.421
10.245,9.984
10.357,10.175
10.452,10.376
10.684,11.014
10.788,11.215
11.019,11.607
11.122,11.808
11.204,12.018
11.327,12.476
11.393,12.671
11.668,13.288
11.75,13.497
11.812,13.713
11.915,14.149
12.05,14.574
12.205,14.995
12.267,15.209
12.417,15.916
12.637,16.719
12.674,16.941
12.795,18.043
12.986,19.341
13.132,20.009
13.161,20.235
13.198,21.098
13.242,21.536
13.704,26.375
14.349,28.525
15.285,30.59
15.578,31.212
15.914,31.419
15.96,31.615
16.022,31.809
16.068,32.006
16.843,33.281
16.888,33.368
16.92,33.46
16.972,33.647
17.038,33.816
17.229,35.572
30.634,55.774
0.0,55.774
520.971,47
0.0,1.88
4.224,4.32
4.971,5.091
5.61,5.796
6.07,6.285
6.421,7.057
6.883,7.74
7.033,7.928
7.367,8.562
7.493,8.765
7.911,9.362
8.033,9.563
8.147,9.79
8.411,10.44
8.522,10.652
8.765,11.069
8.875,11.282
8.966,11.502
9.111,11.981
9.185,12.186
9.568,13.055
9.759,13.733
10.149,14.837
10.311,15.514
10.575,16.402
10.62,16.631
10.776,17.771
11.001,19.108
11.166,19.806
11.2,20.039
11.256,20.932
11.31,21.385
11.403,23.205
11.453,24.561
11.144,25.9
11.134,26.798
11.105,27.308
11.384,28.15
12.844,30.438
13.088,31.013
13.079,31.203
13.44,32.271
13.435,32.36
14.823,34.916
14.39,35.365
29.1,55.774
0.0,55.774
523.732,40
0.0,3.442
3.818,6.348
4.682,7.064
4.757,7.262
4.849,7.145
5.325,7.906
5.758,8.747
5.807,8.958
5.927,9.175
6.242,9.864
6.73,10.748
6.83,10.977
7.081,11.684
7.486,12.59
7.706,13.29
8.129,14.432
8.46,15.586
8.605,16.042
8.659,16.278
9.02,18.381
9.281,19.542
9.32,19.781
9.393,20.698
9.452,21.163
9.566,23.027
9.606,23.952
9.627,24.872
9.614,26.223
9.537,27.515
9.39,28.727
9.264,29.479
9.026,30.551
8.972,30.727
9.09,31.965
9.103,33.03
10.491,34.102
11.721,34.593
20.302,47.219
27.857,55.774
0.0,55.774
525.801,39
0.0,4.488
3.668,7.535
4.332,8.706
4.777,9.906
5.095,10.817
5.217,11.164
5.616,12.241
6.001,13.565
6.346,14.484
6.636,15.455
6.926,16.63
7.108,17.294
7.343,18.255
7.502,19.3
7.547,19.33
7.52,19.556
7.616,20.028
7.935,23.722
7.958,23.932
7.831,25.04
7.778,25.657
7.668,26.422
7.659,26.448
7.489,27.105
7.274,27.697
6.942,28.53
6.411,29.34
5.846,30.274
4.951,30.992
3.25,32.263
6.587,32.984
8.851,33.795
10.015,34.432
11.397,35.758
12.274,36.753
14.653,39.786
17.198,43.294
26.856,55.774
0.0,55.774
526.837,38
0.0,5.026
3.571,7.771
4.196,8.905
4.414,9.323
5.416,12.27
5.954,13.778
6.374,15.421
6.648,16.356
6.907,17.345
7.139,18.654
7.443,21.648
7.516,22.638
7.511,23.439
7.443,24.154
7.407,25.286
7.295,26.132
7.085,26.691
6.968,27.486
6.774,27.908
6.704,28.163
6.099,29.342
5.766,30.097
5.274,30.67
4.845,30.911
4.045,31.159
3.107,31.806
2.385,32.291
6.317,33.105
8.699,33.877
10.649,34.84
11.647,35.841
12.542,36.797
13.492,38.081
14.148,39.036
15.894,41.195
17.745,44.164
26.354,55.774
0.0,55.774
527.356,37
0.0,5.335
2.697,7.399
3.358,7.889
4.061,9.179
4.291,9.632
4.751,11.082
5.021,11.838
5.63,13.891
6.428,16.778
6.549,17.306
6.752,18.683
6.905,20.469
6.999,22.852
7.029,23.815
6.999,24.674
6.808,26.439
6.634,27.56
6.234,28.564
5.997,28.979
5.897,29.348
5.569,29.804
5.176,30.149
4.604,30.592
2.279,31.766
1.738,32.522
4.265,32.814
6.882,33.623
8.285,34.077
10.496,35.44
11.335,36.144
12.292,36.871
14.661,39.777
16.187,42.063
18.018,44.927
18.932,46.445
25.939,55.774
0.0,55.774
527.615,39
0.0,5.512
2.617,7.474
3.664,9.316
3.901,9.787
5.317,13.099
5.632,14.603
6.206,17.122
6.395,17.876
6.872,21.709
6.942,23.126
6.95,23.748
6.908,25.291
6.81,25.47
6.674,26.359
6.469,27.454
6.032,28.775
5.774,29.187
5.658,29.449
5.303,29.871
4.882,30.175
4.269,30.553
3.341,30.941
1.511,31.935
0.956,32.227
2.861,32.846
5.906,33.59
7.908,34.293
9.904,35.765
10.792,36.448
11.466,37.222
12.171,38.151
13.176,39.078
13.934,40.148
15.842,42.497
17.663,45.308
18.49,46.657
21.264,50.962
25.731,55.774
0.0,55.774
527.677,42
0.0,5.577
2.268,7.493
2.569,7.963
3.319,9.349
3.557,9.824
4.392,11.721
4.981,13.165
5.632,15.023
6.203,17.892
6.388,19.311
6.535,21.193
6.6,23.599
6.603,24.546
6.558,25.44
6.457,26.284
6.313,27.154
6.101,27.915
5.823,28.56
5.655,28.905
5.392,29.315
5.273,29.552
4.911,29.966
4.483,30.26
3.861,30.623
2.943,31.045
1.254,31.86
0.0,32.151
0.0,32.395
5.371,33.649
7.817,34.345
10.497,35.843
11.396,36.521
12.081,37.306
12.797,38.233
13.478,39.157
14.245,40.237
15.837,42.602
17.657,45.4
18.463,46.708
21.243,50.694
25.681,55.774
0.0,55.774
527.743,41
0.0,5.627
2.248,7.512
2.542,7.978
3.302,9.384
3.542,9.863
4.386,11.784
4.972,13.235
5.633,15.121
5.966,17.008
6.093,17.503
6.199,18.011
6.381,19.439
6.527,22.325
6.586,23.752
6.583,24.695
6.535,25.596
6.432,26.45
6.279,27.3
6.176,27.686
6.059,28.054
5.776,28.706
5.604,29.041
5.212,29.66
4.844,30.066
4.408,30.35
3.776,30.696
0.0,32.125
0.0,32.475
4.824,33.711
7.721,34.399
10.102,35.925
11.382,37.395
12.11,38.32
12.796,39.241
13.899,40.331
15.505,42.712
17.65,45.497
18.434,46.762
21.548,51.085
25.628,55.774
0.0,55.774
527.872,43
0.0,5.742
2.208,7.549
2.489,8.007
3.268,9.452
3.511,9.94
4.374,11.909
4.752,12.89
4.956,13.373
5.306,14.328
5.761,16.288
5.963,17.241
6.09,17.745
6.192,18.247
6.366,20.675
6.51,22.616
6.557,24.052
6.544,24.988
6.489,25.904
6.381,26.778
6.212,27.587
6.103,27.971
5.976,28.328
5.683,28.994
5.503,29.31
5.224,29.718
5.093,29.874
4.712,30.263
4.261,30.526
3.609,30.84
2.624,31.168
0.0,31.824
0.0,32.808
7.533,34.507
10.578,36.749
11.297,37.57
12.048,38.49
12.743,39.407
13.535,40.516
17.636,46.015
18.378,47.196
21.504,51.538
25.525,55.774
0.0,55.774
527.959,39
0.0,5.873
2.265,7.723
3.085,9.21
3.812,10.75
4.458,12.27
4.843,13.238
5.56,15.26
6.062,17.866
6.277,19.394
6.367,21.402
6.466,22.902
6.496,23.868
6.49,24.851
6.437,25.81
6.325,26.74
6.119,27.684
5.98,28.122
5.659,28.876
5.381,29.361
5.096,29.756
5.048,29.811
4.779,30.086
4.374,30.374
4.129,30.508
3.696,30.718
3.291,30.87
0.0,31.696
0.0,33.007
7.731,34.951
9.074,36.042
12.454,39.562
13.348,40.78
13.883,41.551
17.292,45.82
18.305,47.486
20.72,50.897
23.572,54.81
25.444,55.774
0.0,55.774
528.045,40
0.0,5.988
1.781,7.387
2.229,7.745
3.045,9.232
3.768,10.77
4.411,12.288
4.797,13.257
5.511,15.277
6.012,17.876
6.225,19.4
6.315,21.405
6.413,22.904
6.443,23.869
6.435,24.85
6.381,25.807
6.267,26.733
6.059,27.668
5.921,28.101
5.597,28.849
5.323,29.322
5.04,29.709
4.992,29.765
4.726,30.034
4.337,30.312
4.098,30.444
3.665,30.654
2.228,31.186
0.0,31.606
0.0,33.21
6.973,35.374
8.643,36.466
11.699,39.636
12.928,40.845
14.135,42.57
16.894,46.192
18.234,47.854
19.997,50.607
23.185,54.845
25.364,55.774
0.0,55.774
528.219,41
0.0,6.158
2.156,7.79
2.963,9.276
3.678,10.809
4.315,12.325
4.703,13.297
5.246,14.815
5.411,15.312
5.91,17.897
6.12,19.413
6.209,21.413
6.306,22.907
6.334,23.873
6.324,24.848
6.266,25.8
6.148,26.718
5.939,27.633
5.799,28.057
5.47,28.793
5.205,29.241
4.927,29.614
4.878,29.669
4.618,29.928
4.263,30.184
4.035,30.312
3.602,30.524
2.179,31.064
0.0,31.423
0.0,33.739
6.766,35.568
8.433,36.663
11.171,39.788
12.414,40.979
12.962,41.731
14.762,43.819
17.079,46.61
18.089,47.937
20.188,50.685
23.393,54.916
25.202,55.774
0.0,55.774
528.563,42
0.0,6.506
1.356,7.878
2.222,8.87
2.474,9.363
3.172,10.887
4.189,13.376
4.727,14.882
4.886,15.381
5.381,17.938
5.583,19.438
5.671,20.445
5.766,22.914
5.791,23.88
5.775,24.845
5.71,25.786
5.584,26.689
5.371,27.565
5.229,27.971
5.06,28.353
4.891,28.682
4.643,29.081
4.374,29.425
4.325,29.479
4.077,29.719
3.787,29.93
3.581,30.052
3.15,30.267
1.755,30.822
0.0,31.135
0.0,34.511
6.355,35.623
10.447,39.761
11.716,41.242
12.282,41.969
12.984,42.906
14.124,44.023
16.14,46.459
17.474,48.1
19.589,50.839
23.483,55.058
24.881,55.774
0.0,55.774
529.253,48
0.0,7.205
1.068,8.055
1.909,9.039
2.15,9.537
2.814,11.044
3.816,13.533
4.346,15.015
4.49,15.519
4.853,17.009
4.977,18.02
5.166,19.816
5.251,20.476
5.342,22.928
5.36,23.894
5.333,24.839
5.255,25.759
5.19,26.217
5.112,26.631
5.012,27.038
4.891,27.429
4.745,27.799
4.577,28.141
4.388,28.461
4.175,28.761
3.925,29.048
3.873,29.1
3.648,29.299
3.491,29.423
3.33,29.53
3.12,29.647
2.902,29.751
2.625,29.856
0.0,30.512
0.0,35.569
2.907,35.735
7.509,37.175
10.308,40.363
11.304,41.443
11.904,42.119
12.653,43.024
13.829,44.104
14.688,45.249
15.902,46.487
17.227,48.099
20.03,51.148
23.663,55.342
24.237,55.774
0.0,55.774
530.633,43
0.0,8.501
3.183,13.302
3.685,14.691
3.969,15.705
4.262,17.248
4.372,17.768
4.577,19.589
4.632,20.75
4.738,22.243
4.767,23.228
4.75,24.198
4.674,25.135
4.611,25.591
4.523,26.049
4.42,26.459
4.288,26.86
4.126,27.24
3.934,27.593
3.712,27.916
3.458,28.211
3.181,28.479
2.854,28.728
2.741,28.8
2.5,28.938
2.22,29.067
2.099,29.116
1.64,29.248
1.241,29.307
0.0,29.318
0.0,39.732
3.941,40.438
5.327,40.942
10.678,43.424
12.499,44.226
13.696,45.116
14.39,45.577
15.155,46.369
16.422,47.682
17.71,49.101
19.598,51.5
21.48,53.729
23.141,55.774
0.0,55.774
532.013,35
0.0,10.141
2.701,14.676
3.19,15.853
3.265,16.08
3.461,16.964
3.606,18.149
3.62,18.354
3.676,20.508
3.778,22.023
3.796,23.02
3.76,24.0
3.656,24.943
3.573,25.399
3.461,25.855
3.33,26.261
3.164,26.654
2.965,27.021
2.731,27.357
2.463,27.657
2.162,27.926
1.838,28.16
1.461,28.372
0.0,28.511
0.0,42.795
10.768,44.18
13.794,45.6
14.51,46.28
15.336,47.142
16.702,48.657
18.071,50.353
18.883,51.417
20.06,52.868
21.08,54.208
22.19,55.774
0.0,55.774
532.703,33
0.0,10.797
1.172,11.513
2.546,14.172
2.708,14.696
2.788,15.262
3.146,17.471
3.252,18.333
3.466,19.862
3.521,20.379
3.618,21.904
3.629,22.908
3.583,23.893
3.465,24.838
3.372,25.295
3.249,25.75
3.104,26.158
2.957,26.486
2.927,26.543
2.713,26.904
2.463,27.23
2.177,27.52
1.86,27.775
1.572,27.963
0.0,28.084
0.0,44.326
14.613,47.174
17.129,50.08
18.152,51.264
18.68,52.143
19.361,52.971
20.384,54.562
21.287,55.774
0.0,55.774
533.393,32
0.0,11.647
0.984,12.681
1.805,14.521
2.231,15.425
2.494,16.991
2.644,17.703
2.822,19.726
2.887,20.247
2.804,21.783
2.808,22.792
2.752,23.782
2.697,24.259
2.62,24.73
2.52,25.187
2.386,25.64
2.233,26.042
2.142,26.239
2.041,26.429
1.909,26.648
1.807,26.791
1.552,27.099
1.275,27.36
0.0,27.477
0.0,46.4
8.53,46.449
14.376,47.801
17.173,50.836
18.176,52.326
19.134,53.277
19.784,54.347
20.627,55.774
0.0,55.774
534.084,31
0.0,12.438
1.526,15.914
1.872,17.491
2.051,18.54
2.186,19.586
2.238,20.111
2.304,21.144
2.329,22.167
2.296,23.172
2.194,24.147
2.111,24.619
2.003,25.075
1.86,25.528
1.699,25.927
1.602,26.122
1.497,26.31
1.383,26.489
1.256,26.662
0.0,26.893
0.0,47.849
11.155,48.005
14.109,49.711
15.52,50.737
16.088,51.213
17.002,51.915
17.548,52.608
18.211,53.451
18.911,54.415
19.527,55.399
19.839,55.774
0.0,55.774
534.774,23
0.0,12.969
0.1,13.069
1.588,18.391
1.72,19.444
1.807,20.492
1.85,21.529
1.841,22.55
1.767,23.55
1.701,24.032
1.612,24.504
1.497,24.961
1.414,25.228
1.339,25.434
1.202,25.759
1.069,26.016
0.0,26.247
0.0,49.747
9.843,49.816
15.896,53.501
16.737,54.165
17.756,55.029
18.531,55.774
0.0,55.774
535.291,16
0.0,13.593
1.048,19.337
1.134,20.389
1.175,21.431
1.161,22.457
1.08,23.461
1.009,23.944
0.91,24.444
0.811,24.828
0.0,25.092
0.0,51.075
8.678,51.147
15.62,54.61
16.538,55.334
17.027,55.774
0.0,55.774
535.636,12
0.0,14.095
0.873,19.813
0.944,21.312
0.929,22.388
0.85,23.348
0.771,23.884
0.0,24.203
0.0,51.394
11.186,53.259
15.037,55.381
15.831,55.774
0.0,55.774
535.895,8
0.0,15.003
0.772,21.141
0.757,22.326
0.68,23.248
0.0,23.431
0.0,52.304
14.154,55.774
0.0,55.774
536.025,6
0.0,17.034
0.361,21.681
0.0,22.5
0.0,52.576
13.469,55.774
0.0,55.774
536.068,5
0.0,20.999
0.001,21.026
0.0,52.667
13.35,55.774
0.0,55.774
536.089,3
0.0,52.712
13.618,55.774
0.0,55.774
536.154,3
0.0,52.848
12.782,55.774
0.0,55.774
536.326,3
0.0,53.21
11.962,55.774
0.0,55.774
536.499,4
0.0,53.573
9.854,55.288
11.471,55.774
0.0,55.774
536.585,4
0.0,53.754
9.314,55.313
11.224,55.774
0.0,55.774
536.672,3
0.0,53.935
10.647,55.774
0.0,55.774
536.758,3
0.0,54.116
10.072,55.774
0.0,55.774
536.844,3
0.0,54.298
9.826,55.774
0.0,55.774
536.93,3
0.0,54.479
9.581,55.774
0.0,55.774
537.017,3
0.0,54.66
9.336,55.774
0.0,55.774
537.06,4
0.0,54.751
7.272,55.281
9.213,55.774
0.0,55.774
537.103,3
0.0,54.841
8.763,55.774
0.0,55.774
537.146,3
0.0,54.932
8.641,55.774
0.0,55.774
537.189,3
0.0,55.023
8.192,55.774
0.0,55.774
537.232,3
0.0,55.113
8.07,55.774
0.0,55.774
537.275,3
0.0,55.204
7.949,55.774
0.0,55.774
537.297,3
0.0,55.249
7.888,55.774
0.0,55.774
537.319,3
0.0,55.295
7.827,55.774
0.0,55.774
537.34,3
0.0,55.34
7.766,55.774
0.0,55.774
537.362,3
0.0,55.385
7.705,55.774
0.0,55.774
537.383,3
0.0,55.431
7.645,55.774
0.0,55.774
537.405,3
0.0,55.476
7.584,55.774
0.0,55.774
537.426,3
0.0,55.521
7.523,55.774
0.0,55.774
537.448,3
0.0,55.567
7.462,55.774
0.0,55.774
537.47,3
0.0,55.612
7.402,55.774
0.0,55.774
537.491,3
0.0,55.657
7.341,55.774
0.0,55.774
537.513,3
0.0,55.703
0.062,55.774
0.0,55.774
537.534,3
0.0,55.703
0.062,55.774
0.0,55.774
